face 0.00 600 464 1216 1080 (600, 464, 1216, 1080)
face 0.00 556 472 1296 1080 (556, 472, 1296, 1080)
face 0.00 668 532 1288 1080 (668, 532, 1288, 1080)
face 0.00 600 532 1216 1080 (600, 532, 1216, 1080)
face 0.00 600 532 1216 1080 (600, 532, 1216, 1080)
face 0.00 600 532 1216 1080 (600, 532, 1216, 1080)
face 0.00 528 464 1148 1080 (528, 464, 1148, 1080)
face 0.00 460 464 1080 1080 (460, 464, 1080, 1080)
face 0.00 496 440 1012 956 (496, 440, 1012, 956)
face 0.00 392 392 1012 1012 (392, 392, 1012, 1012)
face 0.00 392 392 1012 1012 (392, 392, 1012, 1012)
face 0.00 460 392 1080 1012 (460, 392, 1080, 1012)
face 0.00 460 392 1080 1012 (460, 392, 1080, 1012)
face 0.00 460 392 1080 1012 (460, 392, 1080, 1012)
face 0.00 460 392 1080 1012 (460, 392, 1080, 1012)
face 0.00 460 392 1080 1012 (460, 392, 1080, 1012)
face 0.00 496 440 1012 956 (496, 440, 1012, 956)
face 0.00 496 440 1012 956 (496, 440, 1012, 956)
face 0.00 496 440 1012 956 (496, 440, 1012, 956)
face 0.00 496 384 1012 900 (496, 384, 1012, 900)
